54.69692832
73.93212203
82.14393417
88.21236916
93.54275072
97.30935642
98.7062398
97.35227809
93.26133987
86.75789942
78.39493593
59.08581304
41.9623211
32.30381125
29.17342178
27.34791856
29.62856334
34.54996934
31.73347847
21.75658668
20.01103268
23.48238216
19.08305762
16.55441691
18.80948085
14.51032342
15.25136905
13.410438
11.93740912
11.25152534
10.66521632
9.915443893
9.426629827
9.169911889
8.463550406
7.823950024
7.576811597
6.980310676
6.723102358
6.25378
6.055509022
5.648142717
5.404011163
5.034957311
4.796465679
4.607954057
4.39831185
4.193425227
4.063187994
3.917935322
3.80873558
3.722571458
3.637052194
3.566609194
3.497745964
3.45052971
3.417887157
3.415028882
3.445486453
3.505182581
3.573651011
3.648777995
3.728299662
3.814888807
3.914059705
4.024644887
4.144634701
4.28749572
4.458676344
4.628107558
4.787891452
4.946914852
5.121262707
5.329217962
5.580739045
5.897943796
6.280056543
6.725590821
7.202555545
7.760277745
8.417138028
9.171657651
10.1456303
11.38948844
12.93016332
14.78815159
16.8770449
19.04176059
21.48594932
24.23826455
27.24663245
31.088862
