81.47846065
133.9262336
177.1694957
214.4251151
244.0021758
264.0430084
273.5775419
272.525249
261.5744768
242.052895
215.7905139
151.9890363
89.28311064
46.45546248
33.36895252
32.23127259
54.27779471
80.48095995
72.72788728
28.19187949
22.97288277
48.43542323
30.48947838
18.79949218
37.20848398
16.32096253
26.27846732
19.28243607
13.36823671
12.75616846
12.4882925
10.83708296
10.91686009
12.39909235
10.37387795
8.500691106
9.563429714
7.391403815
7.87616431
6.299974613
6.991810355
5.781481737
5.987889518
4.855235184
4.769247096
4.743513123
4.363267177
3.834090753
3.788798442
3.416103092
3.237047541
3.090461239
2.848218459
2.745269722
2.534887111
2.407105111
2.287036914
2.186172321
2.046200191
1.920391252
1.853591512
1.812454961
1.806015853
1.86891506
1.961218554
2.110189946
2.295524316
2.52367087
2.807632997
3.146469338
3.534250726
3.987256356
4.505360859
5.092978389
5.7578258
6.521304258
7.398154412
8.401699442
9.545182225
10.84609624
12.33998519
14.03904034
15.96205166
18.14497118
20.63717488
23.47372349
26.71871998
30.44511457
34.74001378
39.62637627
45.08202537
50.97270716
