0.007799847138
0.004705706257
0.00359571253
0.003002088586
0.002623656979
0.002357192386
0.002157184594
0.002000232134
0.001872974251
0.001767179803
0.001677475626
0.001532722997
0.001420110555
0.001329336616
0.001254185654
0.001162377087
0.001088480809
0.001027368866
0.0009602556214
0.0008928170729
0.0008382734889
0.0007848412874
0.0007343063781
0.000692886694
0.0006492262403
0.0006098181635
0.0005714896851
0.0005378169247
0.0005061805683
0.0004770141119
0.0004504429344
0.000424353848
0.0004013900547
0.0003797669951
0.0003598460655
0.0003413099045
0.0003240320944
0.000308546733
0.0002940655391
0.0002808401438
0.0002688004539
0.0002578869654
0.0002479480081
0.0002389040638
0.0002307095648
0.0002233307542
0.0002167340799
0.000210825803
0.0002055993867
0.0002009950517
0.000196946085
0.0001934467805
0.0001904549471
0.000187931767
0.0001858637195
0.000184230698
0.0001830137828
0.0001822061105
0.0001818033738
0.0001818072835
0.000182226908
0.0001830785936
0.0001843863009
0.0001861820995
0.0001885080849
0.0001914186776
0.0001949752583
0.0001992598213
0.000204363719
0.0002103990605
0.0002174944133
0.0002258058198
0.0002355064782
0.0002468014601
0.0002599243576
0.0002751469208
0.0002927751828
0.0003131570285
0.0003366961761
0.0003638461029
0.0003951199598
0.0004311071021
0.000472473273
0.0005199817165
0.0005744977629
0.0006370060849
0.0007086345384
0.0007906653326
0.0008845697056
0.0009920169792
0.001114924325
0.001255474384
