0.002444738319
0.002972739792
0.002935294805
0.00274559173
0.002592648592
0.00247265312
0.002370901338
0.002268329082
0.00215213745
0.002023916311
0.001888480408
0.001622868376
0.001413110216
0.001286006957
0.00120930279
0.001125445419
0.001085496221
0.001077386811
0.001004610529
0.0008836424109
0.0008289965269
0.0008082335194
0.0007377342887
0.0006873681068
0.0006649047959
0.0006034075165
0.0005746644592
0.0005332923982
0.000496521058
0.0004667206146
0.0004400031015
0.0004132248264
0.0003909467107
0.0003713175869
0.0003497552345
0.0003295757998
0.0003133325175
0.000296953362
0.000283484426
0.0002705316171
0.0002606546302
0.0002502692646
0.0002410328106
0.0002313811228
0.0002226129823
0.0002147692289
0.0002085868711
0.0002036597823
0.0001999154305
0.0001966270787
0.0001939396955
0.0001915318603
0.0001890723894
0.0001875722622
0.0001869807194
0.0001873900419
0.000188079565
0.000189097844
0.0001896946389
0.0001902910413
0.0001905762046
0.0001904919825
0.000190752446
0.0001914320884
0.0001922725521
0.0001936575267
0.0001964023095
0.0002005505302
0.0002054956111
0.0002109820309
0.000217001274
0.0002239973893
0.0002320844117
0.000242601713
0.0002568484796
0.0002733570405
0.0002924233892
0.0003141447938
0.0003388307819
0.0003661321732
0.0003964033948
0.0004285284824
0.0004624124388
0.0005013092056
0.0005503353956
0.0006136745565
0.0006926156006
0.0007865121701
0.000899111131
0.001027726305
0.001164703492
0.001300297868
