132.1234129
93.43037387
76.28967813
66.07234875
59.10008047
53.95364415
49.95405214
46.73024777
44.06006736
41.80129589
39.85811326
36.66807156
34.13978504
32.07218994
30.34051429
28.20060263
26.45877375
25.00522031
23.39526766
21.76300036
20.43203388
19.11857636
17.86726379
16.83475324
15.73922094
14.74358087
13.76840565
12.90550705
12.08884216
11.33009911
10.63324241
9.942932428
9.329433971
8.745778767
8.201957768
7.6896323
7.205492017
6.765044877
6.346385953
5.957086815
5.595663687
5.260985246
4.949042452
4.657919988
4.386762438
4.135148579
3.902737571
3.687027987
3.488612434
3.306131607
3.137758029
2.984079166
2.844123913
2.716845701
2.602275136
2.50000802
2.409423683
2.330391738
2.262680835
2.205912932
2.160170094
2.125243889
2.10113021
2.087852051
2.085469748
2.094106419
2.113923256
2.145174335
2.188153127
2.243259728
2.310964496
2.391903437
2.486771667
2.596457871
2.722004598
2.864692748
3.025996467
3.207648891
3.41175827
3.64074361
3.897415757
4.185104924
4.507650536
4.869558091
5.276021935
5.73304617
6.247608001
6.827725587
7.482692448
8.223127652
9.061308212
10.01127458
