0.03106613902
0.01656202466
0.01168720001
0.009224439195
0.007729394849
0.006720094838
0.005989656835
0.005434430373
0.004996690672
0.004641704459
0.004347298234
0.003885415131
0.003537659715
0.003264853304
0.003044105732
0.002780693573
0.002573629004
0.002405665405
0.002224540037
0.002045928513
0.001903843321
0.00176659599
0.001638441127
0.001534502367
0.001425907204
0.001328636212
0.001234597439
0.00115233974
0.001075260735
0.001004275928
0.0009395761519
0.0008759166869
0.0008196729041
0.0007664295201
0.0007170292917
0.0006706538791
0.0006269560423
0.0005872906026
0.0005496484159
0.000514682632
0.0004822357154
0.000452186585
0.0004241596792
0.0003979701222
0.0003735305995
0.0003507953776
0.0003297288517
0.0003101017335
0.0002919683535
0.0002752089904
0.0002596636173
0.0002454000617
0.0002323498341
0.0002204462087
0.0002097358486
0.000200241374
0.0001919867133
0.00018506769
0.0001796013957
0.0001757313854
0.0001736731153
0.0001736597594
0.0001759690415
0.000180900054
0.0001887661735
0.000199893954
0.0002145958447
0.0002332252441
0.0002561378855
0.0002837490132
0.0003165235372
0.0003550333012
0.0003999136716
0.0004519338959
0.0005119824814
0.0005811114878
0.0006605186186
0.0007515818522
0.0008559216547
0.0009753733592
0.001112031296
0.001268320496
0.001446996227
0.001651234094
0.001884647846
0.002151361599
0.002456109414
0.002804280499
0.003202064288
0.003656486651
0.004175618618
0.004768648961
