0.0242952216
0.0156765673
0.01164327826
0.009333928982
0.00780099061
0.006819824019
0.00608964249
0.005525251136
0.005078650696
0.00471318558
0.004404448797
0.003913195496
0.003546876434
0.003264689072
0.003037678239
0.002768208022
0.002566479238
0.002408979041
0.002226343066
0.002035947807
0.001893388896
0.00176286548
0.001630529154
0.001523041698
0.001418397724
0.00131530556
0.001223246985
0.001138949802
0.001060830416
0.0009881214892
0.0009230104325
0.000858216413
0.0008020876535
0.0007491117652
0.0007036807034
0.0006608375071
0.0006214944952
0.0005835918764
0.0005481992856
0.0005129883997
0.0004813466418
0.0004524705595
0.0004256078241
0.000400689312
0.0003782079227
0.0003564727489
0.0003349884304
0.0003157241499
0.0002976492667
0.0002814236187
0.0002670556449
0.0002533423537
0.0002400086102
0.0002281364644
0.0002157696587
0.0002026901589
0.0001917824418
0.0001825793198
0.0001758145454
0.0001712517219
0.0001696979626
0.0001701422617
0.000172708369
0.0001774373335
0.0001856678835
0.0001981282084
0.0002143958033
0.0002350990297
0.0002599926101
0.0002891001075
0.0003224147996
0.0003613891443
0.0004064286881
0.0004589964717
0.0005196902012
0.0005894469447
0.0006693654226
0.0007602996222
0.0008628555025
0.000979225336
0.001110907655
0.001260158865
0.001429789043
0.001624641324
0.001851141912
0.00211448379
0.002419644601
0.00277057389
0.003178175013
0.003642447717
0.004164792517
0.004754139539
