155.1984521
109.7518416
89.6202136
77.62050871
69.43227456
63.38853322
58.69177598
54.9061798
51.77080541
49.11861747
46.8370736
43.09177122
40.1236399
37.69653468
35.66391597
33.15235627
31.1082553
29.40265612
27.51379468
25.59908859
24.03812628
22.49803146
21.03118132
19.82115944
18.53768931
17.37169305
16.23017009
15.22059139
14.26565495
13.37903643
12.56534971
11.76002497
11.04505083
10.36565961
9.733510809
9.138933437
8.578136069
8.069080877
7.586462575
7.139071181
6.725222862
6.343639491
5.989784875
5.661555506
5.358072203
5.078949906
4.823885687
4.590234652
4.378748359
4.188071281
4.016447926
3.86463664
3.731805012
3.617141996
3.520866886
3.442789492
3.382611688
3.340437364
3.316301344
3.310289353
3.322642912
3.353656628
3.403727935
3.473340792
3.563125286
3.673926301
3.806578956
3.962400364
4.142741341
4.349378093
4.584330305
4.850202189
5.149818359
5.486678487
5.864825814
6.28911281
6.765075464
7.299143476
7.898993487
8.573374054
9.332357765
10.18773061
11.15297482
12.24374726
13.47795856
14.87614474
16.46197328
18.26246005
20.30870293
22.6360487
25.285146
28.30229565
