581.3174165
309.1095857
217.6796899
171.523539
143.5256691
124.6390104
110.9808978
100.6065017
92.43298602
85.8089835
80.31878818
71.71261439
65.23968676
60.16649164
56.06475556
51.17458284
47.33406299
44.22123782
40.8670942
37.56224455
34.93522377
32.39931819
30.03286277
28.11455732
26.11119176
24.31742235
22.58378496
21.06767058
19.64719833
18.33910929
17.14681605
15.97358244
14.93684607
13.9551921
13.04413551
12.18858279
11.3821392
10.64985395
9.954700553
9.308821553
8.709420626
8.154401349
7.636998071
7.154009936
6.704086347
6.286693264
5.901527972
5.544814743
5.21801371
4.919473071
4.646942741
4.402242625
4.184788563
3.994077877
3.831375279
3.697309477
3.592279535
3.517265034
3.472933115
3.459750857
3.478133967
3.528203401
3.609903271
3.723006541
3.867277854
4.042650032
4.248930312
4.486615082
4.756209492
5.058831512
5.395921212
5.769705707
6.182644443
6.638034873
7.139783253
7.692719151
8.302388384
8.975296324
9.71931518
10.54342753
11.45801816
12.47531941
13.60936513
14.87653844
16.29564489
17.88833113
19.67964911
21.69828725
23.97738207
26.55468914
29.47373741
32.78419558
