0.002848623925
0.003125984441
0.003089684914
0.00288636066
0.00259716441
0.002358962959
0.002159732979
0.002001327863
0.001885167424
0.001784803659
0.001690580576
0.001530918167
0.001403920052
0.001307836413
0.001231591211
0.001146322782
0.001081761793
0.001031753185
0.0009645648371
0.0008896818153
0.0008342820993
0.0007905860182
0.0007366285472
0.0006936236434
0.0006550948357
0.0006111688555
0.0005753996592
0.0005415819414
0.000510575463
0.0004838705197
0.0004602807326
0.0004374944648
0.0004182708045
0.0004002953561
0.000383341602
0.0003675916108
0.0003527021017
0.0003376435644
0.0003236506772
0.0003102637739
0.0002981740918
0.0002866568281
0.0002762259108
0.00026635469
0.00025739694
0.0002495319448
0.000242586646
0.000236331566
0.0002312727692
0.0002272745965
0.0002237800145
0.0002212019167
0.0002195788495
0.0002178645261
0.0002157405734
0.0002143774102
0.0002132910082
0.0002120872855
0.0002117008315
0.0002117052332
0.0002109058329
0.0002091313828
0.0002074699745
0.0002051627601
0.0002016817176
0.0001978377972
0.0001946462692
0.0001919299373
0.0001899992174
0.0001894258214
0.0001882380003
0.0001860040618
0.000182035367
0.000176002129
0.0001698889235
0.000167108178
0.0001694188466
0.0001760917714
0.0001852913499
0.0001945536372
0.0002029291464
0.0002100040504
0.0002160550856
0.0002188254638
0.0002197658087
0.0002231934965
0.0002316145872
0.0002444223194
0.0002614844234
0.0002769609252
0.0002950452259
0.0003116976522
