66.64983867
74.44817929
73.9927899
71.48486681
68.34025786
66.49936601
64.48770211
62.05613617
59.30465773
55.75296848
51.18177117
41.90842536
34.61460077
30.31871932
27.95334041
26.16400409
25.89507768
26.55164334
24.65367447
20.58517927
19.16061909
19.37839941
17.24685651
15.79819682
15.79908481
13.83843806
13.45621849
12.37073554
11.40261565
10.71902353
10.09075832
9.399757429
8.873337756
8.422873716
7.887429134
7.381212801
7.004746399
6.54047423
6.181233772
5.779144658
5.483600306
5.147689708
4.867094181
4.547324565
4.282591223
4.042806156
3.813939488
3.598448487
3.408983337
3.219688977
3.042645901
2.888343962
2.768453537
2.673527972
2.586148329
2.505230128
2.427115946
2.343978438
2.258268482
2.183837044
2.135583659
2.106958482
2.086507975
2.072508533
2.070086695
2.083268766
2.109869925
2.149750352
2.213169121
2.294570923
2.376004973
2.456018629
2.56284612
2.696151272
2.845267858
2.996175182
3.15984293
3.317676499
3.444466737
3.582355678
3.773765182
4.017332068
4.344818783
4.743073259
5.176841307
5.644086911
6.192384007
6.76884951
7.435075364
8.258122345
9.263221114
10.54791061
