0.006785729769
0.004314962262
0.003382603539
0.002867419544
0.002531418329
0.002290823569
0.002107895044
0.001962879296
0.001844329704
0.001745104979
0.001660492697
0.001523032966
0.001415314906
0.001328001508
0.001255397962
0.001166326574
0.00109434896
0.001034643998
0.0009689021878
0.0009026757366
0.000849005552
0.0007963506971
0.0007464942075
0.0007056010335
0.000662479569
0.0006235564417
0.0005857117656
0.0005524862665
0.0005213009991
0.0004925882828
0.0004664727116
0.0004408812693
0.0004184068286
0.000397298027
0.0003779055304
0.0003599161979
0.0003432031949
0.0003282750946
0.0003143633399
0.0003017019816
0.0002902138126
0.0002798313419
0.000270399523
0.0002618322237
0.0002540753583
0.0002470858911
0.0002408211348
0.0002351813224
0.0002301498442
0.0002256595399
0.000221635356
0.000218062011
0.0002148879161
0.0002120624368
0.0002095607459
0.0002073497311
0.0002053933714
0.0002036678241
0.0002021486292
0.0002008092024
0.0001996348368
0.0001986050191
0.0001977050942
0.000196922107
0.000196244718
0.0001956633933
0.0001951715505
0.0001947635111
0.0001944366878
0.0001941906291
0.0001940279099
0.0001939543869
0.0001939801402
0.0001941202044
0.0001943958505
0.0001948362618
0.0001954803605
0.000196379295
0.0001975999586
0.0001992282213
0.0002013733012
0.0002041732824
0.000207799869
0.0002124646559
0.0002184235325
0.0002259808896
0.0002354930155
0.0002473677963
0.0002620654315
0.0002800940401
0.0003020113738
0.0003284228063
