0.005002999419
0.01000599884
0.01500899826
0.02001199768
0.0250149971
0.03001799652
0.03502099593
0.04002399535
0.04502699477
0.05002999419
0.05503299361
0.06503899245
0.07504499129
0.08505099013
0.09505698896
0.1100659872
0.1250749855
0.1400839837
0.1600959814
0.1851109785
0.2101259756
0.2401439721
0.2751649681
0.310185964
0.3552129588
0.405242953
0.465278946
0.5303179384
0.6053629297
0.6904139198
0.7854709088
0.9005398955
1.025614881
1.170701864
1.335800845
1.525914823
1.746046797
1.991193769
2.276364736
2.601559698
2.971781655
3.392033606
3.87232155
4.422651487
5.053029413
5.77346133
6.593953234
7.534517125
8.605159001
9.825890859
11.2267307
12.82268751
14.6437793
16.73003006
19.11145778
21.82808647
24.93494911
28.48207569
32.52950222
37.16227969
42.44544707
48.48406737
55.38320357
63.26292766
72.26332361
82.54949042
94.29153005
107.7095745
123.0337617
140.5392567
160.5312424
183.3749377
209.4655797
239.2684472
273.3088553
312.1971698
356.6188016
407.3542187
465.313967
531.5236613
607.1490005
693.5357915
792.209949
904.9275259
1033.684719
1180.757893
1348.758613
1540.658662
1759.870085
2010.265203
2296.291682
2623.012559
